1 5 8
1 10 20
10 50 112
12 50 112
100 200 125
11 250 128
200 1000 179
500 1200 182
700 1500 182
40 400 144
80 9999 262
79 99 119
23 105 119
67 204 125
205 220 115
270 365 144
478 567 142
23 645 144
44 692 145
600 956 179
789 890 179
123 987 179
456 798 171
23 89 116
54 79 116
49 91 116
47 92 116
50 1500 182
600 700 145
6000 7000 262
2 80 116
1 63 113
9 345 144
56 687 145
698 709 171
500 1256 182
926 1234 182
736 8192 262
638 4128 238
34 9182 262
67 8172 262
56 1864 182
978 1000 143
476 687 145
387 647 142
869 895 179
628 749 171
415 827 171
43 51 105
5 1 8
50 10 112
50 12 112
200 100 125
250 11 128
1000 200 179
1200 500 182
1500 700 182
400 40 144
9999 80 262
99 79 119
105 23 119
204 67 125
220 205 115
365 270 144
567 478 142
645 23 144
692 44 145
956 600 179
890 789 179
987 123 179
798 456 171
89 23 116
79 54 116
91 49 116
92 47 116
1500 50 182
700 600 145
7000 6000 262
80 2 116
63 1 113
345 9 144
687 56 145
709 698 171
1256 500 182
1234 926 182
8192 736 262
4128 638 238
9182 34 262
8172 67 262
1864 56 182
1000 978 143
687 476 145
647 387 142
895 869 179
749 628 171
827 415 171
51 43 105
2 2 2
10 10 7
50 50 25
51 51 25
200 200 27
250 250 110
1000 1000 112
1200 1200 19
1500 1500 48
400 400 28
999 999 50
99 99 26
105 105 39
204 204 27
220 220 115
365 365 95
567 567 62
645 645 101
692 692 34
95 95 106
890 890 73
987 987 37
798 789 122
89 89 31
79 79 36
97 97 119
91 91 93
92 92 18
1502 1502 141
701 701 83
7001 7001 32
82 82 111
64 64 7
345 345 126
687 687 39
709 709 34
1256 1256 40
1234 1234 133
9182 9182 172
3128 3128 124
9182 9182 172
8172 8172 159
1864 1864 87
1003 1003 42
687 687 39
647 647 39
895 895 99
749 749 47
827 827 42
53 53 12
847 847 34
501 900 179
